0 0.9134615384615384 0.5480769230769231 0.1346153846153846 0.23557692307692307
0 0.7860576923076923 0.49759615384615385 0.09615384615384616 0.12740384615384615
0 0.65625 0.5 0.10817307692307693 0.15865384615384615
0 0.5072115384615384 0.5072115384615384 0.10336538461538461 0.21634615384615385
0 0.15625 0.4807692307692308 0.09134615384615384 0.16826923076923078
0 0.23076923076923078 0.5721153846153846 0.18990384615384615 0.2860576923076923
0 0.028846153846153848 0.4567307692307692 0.04567307692307692 0.39903846153846156
1 0.90625 0.6237980769230769 0.18269230769230768 0.1466346153846154
1 0.7908653846153846 0.5673076923076923 0.10336538461538461 0.0985576923076923
1 0.65625 0.59375 0.1346153846153846 0.10817307692307693
1 0.5048076923076923 0.5841346153846154 0.14182692307692307 0.11538461538461539
1 0.1466346153846154 0.6081730769230769 0.14903846153846154 0.13942307692307693
1 0.2403846153846154 0.6586538461538461 0.23798076923076922 0.18028846153846154
1 0.03125 0.6634615384615384 0.052884615384615384 0.21634615384615385