0 0.9206730769230769 0.5216346153846154 0.125 0.21875
0 0.8004807692307693 0.4735576923076923 0.0889423076923077 0.11778846153846154
0 0.6802884615384616 0.47596153846153844 0.0985576923076923 0.1466346153846154
0 0.5432692307692307 0.4807692307692308 0.09615384615384616 0.19951923076923078
0 0.21634615384615385 0.45913461538461536 0.08413461538461539 0.15625
0 0.2860576923076923 0.5432692307692307 0.17548076923076922 0.2644230769230769
0 0.0625 0.43509615384615385 0.11298076923076923 0.3701923076923077
1 0.9134615384615384 0.5901442307692307 0.16826923076923078 0.13701923076923078
1 0.8052884615384616 0.5384615384615384 0.09615384615384616 0.09134615384615384
1 0.6802884615384616 0.5625 0.125 0.0985576923076923
1 0.5408653846153846 0.5528846153846154 0.13221153846153846 0.10576923076923077
1 0.2091346153846154 0.5745192307692307 0.13942307692307693 0.12740384615384615
1 0.2956730769230769 0.625 0.22115384615384615 0.16826923076923078
1 0.06490384615384616 0.6514423076923077 0.1201923076923077 0.24759615384615385