0 0.08173076923076923 0.5625 0.1346153846153846 0.23317307692307693
0 0.2091346153846154 0.5120192307692307 0.09615384615384616 0.125
0 0.33653846153846156 0.5144230769230769 0.10576923076923077 0.15625
0 0.4855769230769231 0.5192307692307693 0.10336538461538461 0.21394230769230768
0 0.8341346153846154 0.4951923076923077 0.09134615384615384 0.16826923076923078
0 0.7596153846153846 0.5841346153846154 0.1875 0.28365384615384615
0 0.9663461538461539 0.46875 0.057692307692307696 0.3942307692307692
1 0.09014423076923077 0.6346153846153846 0.18028846153846154 0.14423076923076922
1 0.20432692307692307 0.5793269230769231 0.10336538461538461 0.0985576923076923
1 0.33653846153846156 0.6057692307692307 0.1346153846153846 0.10576923076923077
1 0.4879807692307692 0.5961538461538461 0.14182692307692307 0.11538461538461539
1 0.84375 0.6201923076923077 0.14903846153846154 0.13701923076923078
1 0.75 0.6706730769230769 0.23798076923076922 0.18028846153846154
1 0.9615384615384616 0.6706730769230769 0.06490384615384616 0.20673076923076922