0 0.2403846153846154 0.5769230769230769 0.18028846153846154 0.4543269230769231
0 0.34615384615384615 0.5456730769230769 0.12259615384615384 0.3557692307692308
0 0.43990384615384615 0.5697115384615384 0.17548076923076922 0.46153846153846156
0 0.5769230769230769 0.5048076923076923 0.12980769230769232 0.34615384615384615
0 0.6802884615384616 0.49759615384615385 0.125 0.31490384615384615
0 0.7740384615384616 0.49278846153846156 0.10096153846153846 0.28846153846153844
2 0.7596153846153846 0.5865384615384616 0.11057692307692307 0.1971153846153846
2 0.22355769230769232 0.7043269230769231 0.14423076923076922 0.30288461538461536
2 0.33653846153846156 0.6754807692307693 0.11778846153846154 0.23557692307692307
2 0.4326923076923077 0.6971153846153846 0.13701923076923078 0.29086538461538464
2 0.5673076923076923 0.6538461538461539 0.10336538461538461 0.25
2 0.6706730769230769 0.6105769230769231 0.10336538461538461 0.20673076923076922