0 0.3870192307692308 0.24759615384615385 0.02403846153846154 0.057692307692307696
0 0.4375 0.25721153846153844 0.03365384615384615 0.0673076923076923
2 0.3870192307692308 0.2644230769230769 0.021634615384615384 0.036057692307692304
2 0.4375 0.2860576923076923 0.03125 0.052884615384615384
0 0.6442307692307693 0.3605769230769231 0.08653846153846154 0.15144230769230768
2 0.6346153846153846 0.40865384615384615 0.14182692307692307 0.09375
0 0.3245192307692308 0.5072115384615384 0.13221153846153846 0.27403846153846156
0 0.046875 0.5036057692307693 0.09375 0.3293269230769231
0 0.25240384615384615 0.6153846153846154 0.16826923076923078 0.3894230769230769
2 0.34134615384615385 0.5793269230769231 0.11057692307692307 0.22355769230769232
2 0.028846153846153848 0.6394230769230769 0.057692307692307696 0.2091346153846154
2 0.13701923076923078 0.6971153846153846 0.13942307692307693 0.2644230769230769