0 0.5745192307692307 0.2692307692307692 0.021634615384615384 0.057692307692307696
0 0.5240384615384616 0.28125 0.03365384615384615 0.0673076923076923
2 0.5745192307692307 0.28846153846153844 0.021634615384615384 0.03365384615384615
2 0.5240384615384616 0.31009615384615385 0.03125 0.05048076923076923
0 0.32211538461538464 0.38221153846153844 0.08653846153846154 0.1466346153846154
2 0.3317307692307692 0.43028846153846156 0.13942307692307693 0.09375
0 0.6346153846153846 0.5264423076923077 0.12980769230769232 0.2692307692307692
0 0.9278846153846154 0.5216346153846154 0.12740384615384615 0.32211538461538464
0 0.7067307692307693 0.6346153846153846 0.1658653846153846 0.38221153846153844
2 0.6201923076923077 0.5961538461538461 0.11057692307692307 0.21875
2 0.9483173076923077 0.65625 0.0985576923076923 0.20673076923076922
2 0.8197115384615384 0.7067307692307693 0.13701923076923078 0.24759615384615385