0 0.23798076923076922 0.5817307692307693 0.18028846153846154 0.4543269230769231
0 0.34375 0.5504807692307693 0.12259615384615384 0.3557692307692308
0 0.43990384615384615 0.5745192307692307 0.17548076923076922 0.46153846153846156
0 0.5769230769230769 0.5120192307692307 0.12980769230769232 0.34615384615384615
0 0.6778846153846154 0.5024038461538461 0.125 0.31490384615384615
0 0.7716346153846154 0.5 0.10096153846153846 0.28846153846153844
2 0.7572115384615384 0.59375 0.11057692307692307 0.1971153846153846
2 0.22115384615384615 0.7091346153846154 0.14423076923076922 0.30288461538461536
2 0.33413461538461536 0.6826923076923077 0.11778846153846154 0.23557692307692307
2 0.4326923076923077 0.7019230769230769 0.13701923076923078 0.29086538461538464
2 0.5649038461538461 0.6610576923076923 0.10336538461538461 0.25
2 0.6682692307692307 0.6177884615384616 0.10336538461538461 0.20673076923076922