0 0.5817307692307693 0.2764423076923077 0.021634615384615384 0.055288461538461536
0 0.5336538461538461 0.2860576923076923 0.03125 0.06490384615384616
2 0.5817307692307693 0.2932692307692308 0.019230769230769232 0.03365384615384615
2 0.5336538461538461 0.31490384615384615 0.03125 0.05048076923076923
0 0.33653846153846156 0.38461538461538464 0.08413461538461539 0.14182692307692307
2 0.34375 0.43028846153846156 0.1346153846153846 0.0889423076923077
0 0.6394230769230769 0.5240384615384616 0.125 0.2620192307692308
0 0.9206730769230769 0.5192307692307693 0.12259615384615384 0.31009615384615385
0 0.7091346153846154 0.6274038461538461 0.16105769230769232 0.3701923076923077
2 0.625 0.5913461538461539 0.10576923076923077 0.21153846153846154
2 0.9459134615384616 0.6502403846153846 0.10336538461538461 0.19951923076923078
2 0.8197115384615384 0.7043269230769231 0.13221153846153846 0.25240384615384615