0 0.7620192307692307 0.5913461538461539 0.19230769230769232 0.4831730769230769
0 0.6490384615384616 0.5576923076923077 0.12980769230769232 0.3798076923076923
0 0.5480769230769231 0.5841346153846154 0.1875 0.49278846153846156
0 0.4014423076923077 0.5168269230769231 0.13701923076923078 0.36778846153846156
0 0.2932692307692308 0.5072115384615384 0.13221153846153846 0.33653846153846156
0 0.19230769230769232 0.5048076923076923 0.10817307692307693 0.30528846153846156
2 0.2091346153846154 0.6033653846153846 0.11778846153846154 0.21153846153846154
2 0.7788461538461539 0.71875 0.15625 0.30288461538461536
2 0.6586538461538461 0.6995192307692307 0.12740384615384615 0.25240384615384615
2 0.5552884615384616 0.7163461538461539 0.14903846153846154 0.30528846153846156
2 0.41346153846153844 0.6754807692307693 0.11057692307692307 0.2668269230769231
2 0.30288461538461536 0.6298076923076923 0.11057692307692307 0.21875