0 0.5 0.5673076923076923 0.125 0.2548076923076923
1 0.49759615384615385 0.5817307692307693 0.11778846153846154 0.25721153846153844
0 0.6778846153846154 0.5336538461538461 0.10817307692307693 0.3317307692307692
0 0.9134615384615384 0.5336538461538461 0.1201923076923077 0.3485576923076923
0 0.8942307692307693 0.32211538461538464 0.1201923076923077 0.08173076923076923
0 0.8677884615384616 0.4567307692307692 0.10817307692307693 0.33413461538461536
0 0.9759615384615384 0.3473557692307692 0.04326923076923077 0.12259615384615384
0 0.9675480769230769 0.5588942307692307 0.06009615384615385 0.30528846153846156
0 0.7548076923076923 0.46875 0.10817307692307693 0.34134615384615385
0 0.7548076923076923 0.6923076923076923 0.057692307692307696 0.036057692307692304
0 0.8677884615384616 0.6947115384615384 0.052884615384615384 0.03125
0 0.75 0.33653846153846156 0.10817307692307693 0.11057692307692307
0 0.7259615384615384 0.3269230769230769 0.13942307692307693 0.09375
0 0.5793269230769231 0.3125 0.06490384615384616 0.0625
0 0.6298076923076923 0.3173076923076923 0.10817307692307693 0.07451923076923077
0 0.6394230769230769 0.43990384615384615 0.11778846153846154 0.28125
0 0.5504807692307693 0.4375 0.0985576923076923 0.28846153846153844
0 0.49759615384615385 0.41346153846153844 0.12740384615384615 0.15144230769230768
0 0.4326923076923077 0.4519230769230769 0.11778846153846154 0.32211538461538464
0 0.36538461538461536 0.4375 0.0985576923076923 0.3125
0 0.3125 0.5120192307692307 0.125 0.36778846153846156
0 0.25721153846153844 0.44711538461538464 0.08653846153846154 0.32211538461538464
0 0.20432692307692307 0.3293269230769231 0.08653846153846154 0.09615384615384616
0 0.18509615384615385 0.49038461538461536 0.10817307692307693 0.33413461538461536
0 0.06971153846153846 0.3293269230769231 0.12980769230769232 0.0985576923076923
0 0.08413461538461539 0.43028846153846156 0.09375 0.23557692307692307
0 0.038461538461538464 0.5168269230769231 0.06971153846153846 0.3485576923076923
0 0.01201923076923077 0.5889423076923077 0.014423076923076924 0.24278846153846154
0 0.12980769230769232 0.5384615384615384 0.12980769230769232 0.34134615384615385