0 0.44471153846153844 0.5865384615384616 0.13942307692307693 0.2548076923076923
1 0.44471153846153844 0.5913461538461539 0.13221153846153846 0.2403846153846154
0 0.25 0.5456730769230769 0.12259615384615384 0.3317307692307692
0 0.027644230769230768 0.5420673076923077 0.055288461538461536 0.34375
0 0.038461538461538464 0.3269230769230769 0.07692307692307693 0.09375
0 0.04927884615384615 0.48197115384615385 0.0985576923076923 0.37259615384615385
0 0.16346153846153846 0.49038461538461536 0.1201923076923077 0.375
0 0.1658653846153846 0.34375 0.1201923076923077 0.12740384615384615
0 0.19230769230769232 0.33413461538461536 0.15384615384615385 0.10576923076923077
0 0.35336538461538464 0.3173076923076923 0.07211538461538461 0.07211538461538461
0 0.3004807692307692 0.3245192307692308 0.1201923076923077 0.08653846153846154
0 0.29086538461538464 0.45913461538461536 0.12980769230769232 0.31009615384615385
0 0.3870192307692308 0.4567307692307692 0.11057692307692307 0.3173076923076923
0 0.44711538461538464 0.43028846153846156 0.13942307692307693 0.1658653846153846
0 0.5168269230769231 0.47115384615384615 0.12980769230769232 0.35336538461538464
0 0.5913461538461539 0.4543269230769231 0.11057692307692307 0.3485576923076923
0 0.6490384615384616 0.5240384615384616 0.13942307692307693 0.37740384615384615
0 0.7091346153846154 0.46634615384615385 0.09615384615384616 0.35336538461538464
0 0.7692307692307693 0.33653846153846156 0.09615384615384616 0.11057692307692307
0 0.7908653846153846 0.5144230769230769 0.1201923076923077 0.36778846153846156
0 0.9206730769230769 0.33653846153846156 0.14903846153846154 0.11298076923076923
0 0.9014423076923077 0.44711538461538464 0.10336538461538461 0.25961538461538464
0 0.9543269230769231 0.53125 0.08173076923076923 0.3605769230769231
0 0.9831730769230769 0.6009615384615384 0.021634615384615384 0.22355769230769232
0 0.8485576923076923 0.5456730769230769 0.14423076923076922 0.3317307692307692