0 0.5120192307692307 0.5745192307692307 0.12259615384615384 0.25240384615384615
1 0.5096153846153846 0.5865384615384616 0.1201923076923077 0.25240384615384615
0 0.6899038461538461 0.5432692307692307 0.10817307692307693 0.3293269230769231
0 0.9230769230769231 0.5408653846153846 0.12259615384615384 0.34375
0 0.9038461538461539 0.3245192307692308 0.1201923076923077 0.0889423076923077
0 0.8774038461538461 0.4639423076923077 0.10817307692307693 0.3317307692307692
0 0.9807692307692307 0.3545673076923077 0.03365384615384615 0.12259615384615384
0 0.9723557692307693 0.5637019230769231 0.05048076923076923 0.3004807692307692
0 0.7644230769230769 0.47596153846153844 0.10817307692307693 0.3389423076923077
0 0.7668269230769231 0.6971153846153846 0.055288461538461536 0.03125
0 0.875 0.6971153846153846 0.055288461538461536 0.028846153846153848
0 0.7620192307692307 0.34134615384615385 0.10817307692307693 0.1201923076923077
0 0.7379807692307693 0.3317307692307692 0.13701923076923078 0.10096153846153846
0 0.5913461538461539 0.3173076923076923 0.06490384615384616 0.07211538461538461
0 0.6394230769230769 0.32211538461538464 0.10817307692307693 0.08413461538461539
0 0.6490384615384616 0.44711538461538464 0.11778846153846154 0.28125
0 0.5625 0.44471153846153844 0.0985576923076923 0.2860576923076923
0 0.5096153846153846 0.4230769230769231 0.125 0.15144230769230768
0 0.44471153846153844 0.45913461538461536 0.11778846153846154 0.31971153846153844
0 0.37740384615384615 0.43990384615384615 0.0985576923076923 0.31971153846153844
0 0.3245192307692308 0.5192307692307693 0.12259615384615384 0.36538461538461536
0 0.27163461538461536 0.4543269230769231 0.08653846153846154 0.31971153846153844
0 0.21875 0.33413461538461536 0.08653846153846154 0.10576923076923077
0 0.1971153846153846 0.49759615384615385 0.10817307692307693 0.3317307692307692
0 0.07932692307692307 0.33413461538461536 0.13701923076923078 0.10817307692307693
0 0.0985576923076923 0.4375 0.09375 0.23557692307692307
0 0.04567307692307692 0.5240384615384616 0.08413461538461539 0.34615384615384615
0 0.019230769230769232 0.5961538461538461 0.028846153846153848 0.2403846153846154
0 0.14423076923076922 0.5456730769230769 0.12980769230769232 0.33413461538461536